Inserting 3000 synthetic chunks ...
  inserted 500/3000
  inserted 1000/3000
  inserted 1500/3000
  inserted 2000/3000
  inserted 2500/3000
  inserted 3000/3000

=== chunks in table: 3298 ===
Limit  (cost=166.03..166.04 rows=5 width=169) (actual time=1.033..1.036 rows=5 loops=1)
  Buffers: shared hit=767 read=15
  ->  Sort  (cost=166.03..166.05 rows=7 width=169) (actual time=1.032..1.034 rows=5 loops=1)
        Sort Key: t.similarity DESC
        Sort Method: top-N heapsort  Memory: 30kB
        Buffers: shared hit=767 read=15
        ->  Hash Join  (cost=119.42..165.93 rows=7 width=169) (actual time=0.772..1.017 rows=20 loops=1)
              Hash Cond: (t.document_id = d.id)
              Buffers: shared hit=767 read=15
              ->  Subquery Scan on t  (cost=115.49..161.99 rows=7 width=135) (actual time=0.731..0.969 rows=20 loops=1)
                    Filter: (t.similarity >= '0'::double precision)
                    Buffers: shared hit=764 read=15
                    ->  Limit  (cost=115.49..161.74 rows=20 width=143) (actual time=0.730..0.965 rows=20 loops=1)
                          Buffers: shared hit=764 read=15
                          ->  Index Scan using ix_chunks_embedding_hnsw on chunks c  (cost=115.49..7082.39 rows=3013 width=143) (actual time=0.730..0.962 rows=20 loops=1)
                                Order By: (embedding <=> '[0.9464573,1.1273645,-3.9965212,-0.45572662,1.8027229,0.35064682,-0.29472673,-0.634252,0.191131,-0.14146282,-0.8254292,1.0785635,0.9888461,-0.15464863,0.19966656,-0.02445137,0.06345358,-0.9319556,-0.4561443,0.65426344,0.21390204,-0.234789,-1.1007577,-0.35551357,0.9788874,0.9455146,1.0836569,-0.37146342,0.012226318,-0.026693188,1.2276257,1.067555,0.60961396,-0.629522,-1.4264797,-0.7111771,0.3404938,-0.2642748,0.020962538,-0.04441462,1.3033341,0.53400224,0.08568437,-0.32380548,1.099665,0.9582302,0.40862846,-0.46843126,1.4306103,-0.6933735,0.56634384,-0.13923284,-0.8253587,0.549797,0.36766443,-0.9725389,-0.29892638,0.55192715,-0.97056216,-0.7489657,1.8903774,1.1619214,-0.1718669,1.926526,0.7932058,-2.147354,-0.56667346,0.9481067,0.057812992,-1.401929,1.1819471,-0.20857978,0.037540015,-0.57871294,-0.3204208,-0.8123114,-0.63322455,-0.38687932,0.14314926,0.66040057,0.25494957,-0.15364721,0.8584451,1.6698736,0.7628222,1.373912,0.306649,-0.63384587,-0.72220856,1.9348363,0.44576052,-0.59837854,0.9532868,-0.08958277,-0.9791637,0.83101374,1.0766113,-0.8332811,-0.60440975,-0.79024965,-0.31751722,-1.2783213,0.10079977,0.7312097,0.4129554,1.1231567,-0.46343455,1.4543805,-0.3231186,-0.5559697,0.022401167,0.70121145,0.089677274,0.34599176,0.056845218,0.724307,1.15913,-0.7012572,0.15262792,-0.618688,-0.81207293,-0.55371225,0.29767618,0.1816932,0.3718002,-0.45073092,-1.0355655,0.8761936,0.04837997,0.31618753,-1.2997671,0.10585817,-1.4727927,-0.007698381,0.07511934,0.08661982,-0.2690744,0.51859707,-0.18306337,1.095068,0.7367807,0.44081998,-0.059844226,0.160498,0.30654868,-0.41393337,1.8941869,0.43689975,-0.40135452,-0.032199617,0.48202422,-0.22244114,0.16282004,-0.5407704,0.32863104,-1.5771976,-0.12359604,0.46970543,0.17505766,0.7771189,1.6488886,-0.39646372,-0.1108186,0.8491393,0.2362986,-1.2046318,-0.3556615,1.128116,0.4274948,0.30753672,-0.7192486,-0.072767735,-0.701654,-0.21777375,0.49792457,-0.47835615,-0.6752022,-0.39286605,1.3622898,-1.5079436,-0.34144977,0.19004077,0.90066147,0.86187,-0.5089194,-1.2330502,0.079273514,0.6426666,-0.38138625,-0.70070297,0.043137137,0.40036336,-0.31528103,0.32217553,0.96070236,-0.47879216,0.581492,0.42867348,0.6963866,0.3005161,-0.8325088,0.16185607,-0.5554827,-0.70292616,-0.9351246,-0.5315808,-0.2170225,-0.02193579,-0.64338744,0.21221866,1.4174389,-0.3955156,-0.8803479,0.17872225,0.99310946,-1.408645,0.47229943,-0.4578813,-0.41679728,0.3590473,-0.650588,-0.25481895,0.43562555,0.4757066,0.5777661,-1.2725912,-0.9113819,-1.311278,-0.834683,0.2836708,-0.55759233,-2.9193695,0.6434362,0.65852946,0.08751162,0.19984244,-1.1507663,0.57675034,-0.5988363,-0.09257073,-0.31765285,0.23342295,-0.25860956,1.0258473,-0.8404856,0.45157075,-0.15382418,-0.29481772,0.6000977,0.9919264,-0.053112864,-0.5073371,0.6662833,0.09470492,1.3433069,-0.73868537,-1.1283346,-0.83376074,-0.37363407,0.16996056,0.5665315,-0.056285024,2.0638783,-0.8091076,-0.17811395,-0.94648594,-0.7843551,-0.3226373,0.3113434,-0.25335324,-0.50359017,0.5587713,-0.62791646,1.907762,0.18750261,-0.22162265,0.23490046,-1.499517,0.18061186,0.28400442,-0.41912174,-1.0162838,-1.499283,0.0077346414,0.29442015,1.0570312,0.40883067,-0.18799311,0.44955346,0.3950518,-0.016064674,-0.20659648,-0.5935105,0.94288874,0.52491456,-0.7434799,0.9663469,0.12797873,-0.47362378,-0.48247275,0.8924165,0.32502663,0.3276516,0.86232144,-0.58678085,0.39928806,0.13111787,-0.5950342,1.414013,-0.57898766,0.11677707,0.73760253,-0.8890608,0.0062373155,-1.4059027,0.56773037,1.6814395,0.2541763,0.98070735,-0.25509503,-0.33623865,-0.6038634,-0.37938222,-0.43451202,0.17468588,1.4581677,-0.6824916,0.5420611,-0.01957039,-0.24964325,1.0830227,0.4977719,1.2789513,-1.9636374,-0.08231313,1.5402665,0.56312984,0.06470873,0.30489433,0.5871106,1.7573189,0.044718713,-0.04716594,-1.1081084,-0.09539693,-0.27404895,-0.1260425,-0.36977676,1.3197514,1.1438497,-0.50619334,-0.71949226,-0.73145527,-0.5134643,-0.23893642,-0.476264,-0.16414522,1.485042,-0.36123142,0.21600355,0.9008026,0.6171526,0.46617785,-0.6230822,-0.6294357,0.5518275,0.11713048,0.8314517,0.17763712,0.6227285,-0.35245335,-1.5208024,-0.69219685,1.364479,-0.19211197,-0.43873897,-1.6633669,-0.3991357,-0.40288055,1.0307616,0.36957452,-0.036650494,-0.3017479,0.28738084,0.325291,-0.277044,0.9505264,-0.37946546,-0.13001806,0.6686232,-0.4463694,-0.8759138,0.019534787,0.21980579,0.8807512,-0.6521795,-1.0162438,0.7048394,1.6852345,-0.46146056,-0.55371207,0.02694103,0.21956931,-1.1220533,0.30839923,1.2261728,-0.36599764,-1.0897269,0.5439091,0.18012811,-0.62606335,0.09602717,-0.7245142,-0.61997217,0.44760892,0.27951854,0.43993652,0.17014925,-0.88860935,-0.52754414,1.1043793,-0.3886479,0.15625583,-0.26187792,-0.41365364,-0.2153414,0.22508769,0.35877374,-0.14404023,-1.4793543,0.46870664,-0.511412,0.9750464,0.83388084,-0.6485214,0.108671665,0.61338097,0.24170311,-0.47591782,0.88125867,0.035386212,-1.4228772,1.0966021,-0.29370165,-0.6279834,1.6959997,1.5741495,1.0644321,0.6164679,1.4818596,0.8202447,0.52922535,0.05631812,0.11276609,1.5924162,-0.4017857,0.058335826,0.5066162,0.3767339,1.3928443,-0.13714921,0.06320526,-0.11334076,0.18778951,-0.50898355,-1.283101,1.1184567,-0.6984174,0.7047236,1.5047654,-0.5216562,0.238977,0.4206836,-0.24005173,-0.49419117,-0.5080312,-0.32314545,0.5345487,0.6140247,-0.002438097,0.46543625,-0.51265615,-0.63184154,0.22611119,-0.08818361,0.030499468,1.0291272,-0.5366842,0.2903555,-0.5278239,-0.4644769,-0.11753679,0.58399636,-0.6115086,-0.4608277,-0.51587003,-1.1774489,-0.07555716,-0.5903485,-1.0312989,0.5225368,0.31691286,0.3918214,-0.37482563,0.1186786,-0.14631522,0.588496,0.26810077,-1.6483008,-0.38650596,-0.49167463,0.10234138,0.15248512,0.664507,0.7243283,-1.4838845,0.0035214701,-0.16257314,-1.0221738,0.22149183,-1.2834498,0.28174016,0.9002107,0.2141183,-0.89191455,-0.06271216,0.31153938,-0.037354298,0.97910744,-0.3393505,0.20274639,0.60995007,-0.7177265,-0.7130039,0.016088434,0.16605628,-0.37373307,-0.33467078,0.73953897,1.2731209,-0.18064223,-0.24437319,-0.7033067,0.5276467,0.45619678,-0.6749706,-0.17249595,0.49832058,-0.058551606,-0.23701115,0.3590962,-0.7681897,-0.3070458,-0.44491145,0.4954753,-0.9300937,0.059912626,0.74675584,-0.40482226,-0.382148,0.12494889,1.4453901,0.7585172,-0.70920056,1.0585194,0.08057772,0.65672106,-0.29983917,0.7612648,-0.28954187,0.018233972,0.0965727,-0.33919457,-0.0921137,0.0717049,-0.77313894,0.6921645,-0.81750494,-0.8532224,-1.2775359,0.3112872,-1.2878624,0.6859188,1.2861925,-0.2590581,0.17838092,0.14847617,-0.8782888,0.10992531,-0.7232534,0.03949881,0.978702,0.048899576,0.23278053,0.11736008,0.51733786,-1.5105063,-0.26498127,-0.039397817,-1.8252593,0.6514186,0.31264207,0.9772399,-0.8867142,0.17693841,0.7962386,0.0919168,0.51805925,-1.5622201,-0.87475085,0.19028318,-0.21204203,-0.56356233,0.0734465,0.8169622,-0.9925379,1.1025108,0.2441842,-0.015527745,0.25622714,-1.2658662,-0.7581203,1.0305947,-0.315501,1.45937,-0.0015871156,-1.5038891,-0.8904311,-0.762125,1.5093795,-0.007542066,1.0716852,-0.73246664,-1.3105508,-1.2488252,1.150146,0.29958674,0.011202939,-0.45804453,-0.54334706,-0.4084557,0.048331182,-0.41664544,0.34716284,-0.15995847,1.0959334,0.0054678866,0.96867555,2.0659394,-0.52776724,0.98801184,1.8965627,-0.45616266,-0.004615914,0.49606213,-0.028582728,-1.4255633,-0.31874952,-1.63084,-0.48371187,-0.98913294,-0.31242794,-1.0799215,0.1674151,0.018226396,-0.27627403,0.18650758,-0.21029417,-1.1861334,-0.7459345,0.7278795,0.04756065,0.5954018,-0.6537446,-0.2666749,1.3427114,0.817645,0.23427862,-0.6787283,0.6552898,0.5657703,0.05058231,1.29451,-1.1618887,-0.87900233,0.08904341,-0.10985295,-0.825022,0.5019034,-0.86061865,-1.0651065,-1.1251608,-0.123125605,-0.7298033,0.62439686,0.32589737,0.7524056,0.4246283,-1.4271919,0.5277447,-0.09320662,0.31349066,0.4666413,0.81267935,0.92997336,-0.27611032,-0.2725085,-0.88247657,-0.27123144,0.17429584,-0.42787507,-0.6040454,-0.013852809,1.2546521,0.90152603,-0.15760566,0.17122804,-1.3959656,0.10190477,-0.7470959,1.1770353,0.038309883,-1.4383526,-0.50878435,0.045625236,-0.08350703,0.6858346,-0.31625775,1.2156377,-0.08007204,-0.5402764,0.12763639,-0.7559412,0.43867204,1.1450901,0.12297841,-0.35333964,0.21692246,-1.4780512,-1.0619992,-0.8053889,0.8440435,0.17617051,0.11862712,-1.1905459,-0.37191322,-0.92387325,0.20962413,-0.55362463,-1.6724014,0.49099493,-0.6261926,-1.1754001,0.96673936,-0.42344996,-0.11381861,0.781162,0.9337141,1.8529897,1.14159,0.8348372,-0.39416042,-0.3250191,-0.37184528,-0.2704614,-0.8361519,-0.0771575,-1.0700235]'::vector)
                                Filter: ((embedding IS NOT NULL) AND ((access_level)::text = ANY ('{public,internal,confidential,restricted}'::text[])))
                                Buffers: shared hit=764 read=15
              ->  Hash  (cost=3.46..3.46 rows=37 width=50) (actual time=0.026..0.027 rows=38 loops=1)
                    Buckets: 1024  Batches: 1  Memory Usage: 12kB
                    Buffers: shared hit=3
                    ->  Seq Scan on documents d  (cost=0.00..3.46 rows=37 width=50) (actual time=0.009..0.019 rows=38 loops=1)
                          Filter: ((status)::text = 'ready'::text)
                          Buffers: shared hit=3
Planning:
  Buffers: shared hit=176 read=6 dirtied=2
Planning Time: 13.637 ms
Execution Time: 1.122 ms
  synthetic rows removed
